objective Value is: 63.992339419859746
x.2.d: 1.0
x.3.2: 1.0
x.4.3: 1.0
x.6.4: 1.0
x.d.6: 1.0
y.4: 1.0
y.6: 1.0
z.6.18: 1.0
z.6.8: 1.0
z.6.13: 1.0
z.6.25: 1.0
z.6.12: 1.0
z.6.22: 1.0
z.6.27: 1.0
z.6.16: 1.0
z.6.15: 1.0
z.4.5: 1.0
z.6.28: 1.0
z.6.10: 1.0
z.6.29: 1.0
z.6.21: 1.0
z.6.17: 1.0
z.6.11: 1.0
z.6.26: 1.0
t.2: 35.204839704200594
t.3: 27.33993859638804
t.4: 22.57205837782124
t.6: 13.546931870788857
t.30: 952.6273891942523
t.d: 1000.0000000000002
e.1: 10.0
e.4: 1.0
e.6: 16.0
e.16: 1.0000000000000002
e.17: 21.000000000000004
e.18: 1.0000000000000002
e.19: 1.0000000000000002
e.20: 21.000000000000004
e.21: 21.000000000000004
e.22: 21.000000000000004
e.23: 21.000000000000004
e.24: 21.000000000000004
e.25: 21.000000000000004
e.26: 1.0000000000000002
e.27: 1.0000000000000002
e.28: 21.000000000000004
