objective Value is: 66.38106327410782
x.1.3: 1.0
x.2.1: 1.0
x.3.d: 1.0
x.4.2: 1.0
x.6.4: 1.0
x.d.6: 1.0
y.6: 1.0
z.6.12: 1.0
z.6.18: 1.0
z.6.13: 1.0
z.6.16: 1.0
z.6.22: 1.0
z.6.29: 1.0
z.6.28: 1.0
z.6.20: 1.0
z.6.27: 1.0
z.6.21: 1.0
z.6.8: 1.0
z.6.14: 1.0
z.6.7: 1.0
z.6.30: 1.0
z.6.10: 1.0
z.6.25: 1.0
t.1: 35.715418844059855
t.2: 32.75019791108548
t.3: 43.75417058259097
t.4: 26.243816549668285
t.6: 16.67094044859937
t.8: 944.673525767269
t.9: 953.017598930297
t.d: 1000.0000000000002
e.1: 10.0
e.6: 16.0
e.16: 1.0000000000000002
e.18: 1.0000000000000002
e.19: 1.0000000000000002
e.20: 21.000000000000004
e.21: 21.000000000000004
e.22: 21.000000000000004
e.23: 21.000000000000004
e.24: 21.000000000000004
e.25: 21.000000000000004
e.26: 1.0000000000000002
e.27: 1.0000000000000002
e.28: 21.000000000000004
e.29: 1.0000000000000002
