objective Value is: 46.973477811395924
x.1.d: 1.0
x.2.1: 1.0
x.d.2: 1.0
y.2: 1.0
z.2.6: 1.0
z.2.22: 0.9999999999999997
z.2.23: 0.9999999999999997
z.2.8: 1.0
z.2.27: 0.9999999999999997
z.2.19: 0.9999999999999997
z.2.10: 1.0
z.2.5: 1.0
z.2.3: 1.0
z.2.11: 1.0
z.2.24: 1.0
z.2.9: 1.0
z.2.14: 1.0
z.2.25: 1.0
z.2.7: 1.0
z.2.18: 0.9999999999999997
z.2.16: 1.0
z.2.29: 0.9999999999999997
z.2.4: 1.0
t.o: 948.2149514455663
t.1: 26.447711266910943
t.2: 23.501930535486423
t.3: 21.122231144112476
t.4: 1017.1821686685008
t.5: 23.911396099917198
t.6: 23.024910964813472
t.7: 26.942579815061237
t.8: 964.0638056374908
t.9: 966.7556209886737
t.10: 962.6436412357295
t.11: 951.5264889369281
t.12: 942.5232678865902
t.13: 957.1680931944012
t.14: 958.8934046005907
t.15: 959.4832934184103
t.16: 952.2315149183733
t.17: 951.1697307814708
t.18: 946.9236774983524
t.19: 943.8151871449618
t.20: 936.0146511749105
t.21: 941.9674201851027
t.22: 948.9327713762857
t.23: 956.426552364887
t.24: 63.789239760919855
t.25: 974.2055134221602
t.26: 60.03386278572307
t.27: 957.1372014830279
t.28: 961.3860906777379
t.29: 954.2167407289179
t.30: 952.4478517099495
t.d: 1000.0000000000002
e.1: 10.0
e.2: 19.000000000000004
e.14: 1.0000000000000002
e.15: 1.0000000000000002
e.16: 1.0000000000000002
e.17: 21.000000000000004
e.18: 1.0000000000000002
e.19: 1.0000000000000002
e.20: 21.000000000000004
e.21: 21.000000000000004
e.22: 21.000000000000004
e.23: 21.000000000000004
e.24: 21.000000000000004
e.25: 21.000000000000004
e.26: 1.0000000000000002
e.27: 1.0000000000000002
e.28: 21.000000000000004
