objective Value is: 68.9041053468256
x.2.d: 1.0
x.3.2: 1.0
x.4.3: 1.0
x.5.4: 1.0
x.10.5: 1.0
x.d.10: 1.0
y.5: 1.0
y.10: 1.0
z.10.18: 1.0
z.5.8: 1.0
z.10.13: 1.0
z.10.25: 1.0
z.5.6: 1.0
z.10.12: 1.0
z.10.22: 1.0
z.10.27: 1.0
z.10.16: 1.0
z.10.15: 0.9999999999999999
z.10.28: 1.0
z.10.29: 1.0
z.10.21: 1.0
z.10.17: 1.0
z.10.11: 1.0
z.10.26: 1.0
t.o: 948.0333638978958
t.2: 40.11660563116561
t.3: 32.251704523353055
t.4: 27.483824304786253
t.5: 20.444535988484063
t.10: 7.4727255570135185
t.30: 952.6273891942523
t.d: 1000.0000000000002
e.1: 10.0
e.5: 10.0
e.10: 70.0
e.28: 105.00000000000003
