objective Value is: 51.87897111858895
x.1.7: 1.0
x.2.1: 1.0
x.7.d: 1.0
x.d.2: 1.0
y.2: 1.0
y.7: 1.0
z.2.6: 1.0
z.7.22: 1.0
z.7.23: 1.0
z.7.8: 1.0
z.7.27: 1.0
z.7.19: 1.0
z.7.10: 1.0
z.2.5: 1.0
z.2.3: 1.0
z.7.11: 1.0
z.7.24: 1.0
z.7.9: 1.0
z.7.14: 1.0
z.7.25: 1.0
z.7.18: 1.0
z.7.16: 1.0
z.7.29: 1.0
z.2.4: 1.0
t.o: 946.7782161586279
t.1: 24.66360823746254
t.2: 21.71782750603802
t.3: 948.3312105459152
t.4: 949.2135688644438
t.7: 38.3534611657179
t.20: 936.0146511749105
t.21: 941.9674201851027
t.23: 956.426552364887
t.d: 1000.0000000000002
e.1: 10.0
e.2: 19.999999999999986
e.7: 70.0
e.27: 7.000000000000002
e.28: 105.00000000000003
