objective Value is: 88.06084817836783
x.1.2: 1.0
x.2.3: 1.0
x.3.d: 1.0
x.5.10: 1.0
x.10.11: 1.0
x.11.30: 1.0
x.30.1: 1.0
x.d.5: 1.0
y.5: 1.0
y.10: 1.0
y.11: 1.0
z.10.20: 1.0
z.5.12: 1.0
z.10.26: 1.0
z.10.24: 1.0
z.5.6: 1.0
z.10.18: 1.0
z.10.13: 1.0
z.10.22: 1.0
z.10.14: 1.0
z.10.15: 1.0
z.10.16: 1.0
z.10.19: 0.5
z.11.19: 0.5
z.10.17: 1.0
z.11.28: 1.0
z.5.7: 1.0
t.1: 46.752268451410146
t.2: 56.20620104196166
t.3: 63.85285720115451
t.5: 7.256999506045304
t.10: 22.990822346658888
t.11: 31.083309009141544
t.30: 39.6420739715918
t.d: 1000.0
e.5: 50.0
e.10: 92.0
e.11: 12.0
