objective Value is: 70.96552891795845
x.2.d: 1.0
x.3.2: 1.0
x.4.3: 1.0
x.5.4: 1.0
x.10.5: 1.0
x.11.10: 1.0
x.d.11: 1.0
y.5: 1.0
y.10: 1.0
y.11: 1.0
z.11.18: 1.0
z.5.8: 1.0
z.5.13: 1.0
z.10.25: 1.0
z.5.6: 1.0
z.10.12: 1.0
z.10.22: 1.0
z.10.27: 0.5000000000000003
z.11.27: 0.49999999999999956
z.10.16: 1.0
z.10.15: 1.0
z.10.28: 1.0
z.10.29: 1.0
z.10.21: 1.0
z.5.17: 1.0
z.10.26: 1.0
t.2: 955.9905833901688
t.3: 948.1256822823563
t.4: 943.3578020637894
t.5: 33.382515176972674
t.6: 959.1152438660246
t.10: 9.534149128147197
t.11: 6.784640752069891
t.19: 966.5120302494095
t.20: 966.2416477266123
t.d: 1000.0000000000002
e.1: 10.0
e.5: 32.0
e.10: 76.0
e.11: 12.0
