objective Value is: 59.632313252595324
x.1.3: 1.0
x.3.d: 1.0
x.6.12: 1.0
x.12.1: 1.0
x.d.6: 1.0
y.6: 1.0
y.12: 1.0
z.12.22: 1.0
z.12.20: 1.0
z.12.26: 1.0
z.12.29: 1.0
z.6.9: 1.0
z.12.13: 1.0
z.6.7: 1.0
z.6.10: 1.0
z.12.25: 1.0
z.12.28: 1.0
z.12.21: 1.0
z.12.27: 1.0
z.12.14: 1.0
z.12.30: 1.0
z.12.16: 1.0
z.6.11: 1.0
z.12.23: 1.0
t.o: 948.2635501461175
t.1: 974.3196057148015
t.2: 951.2181936429358
t.3: 991.21898536715
t.4: 87.79083824376474
t.5: 955.6017287428562
t.6: 5.357294306666745
t.7: 952.8792434129753
t.8: 953.2374711108474
t.9: 952.8401747914602
t.10: 954.6955960697981
t.11: 957.908269707839
t.12: 11.123429880779398
t.13: 967.6341496652858
t.14: 973.4005759725944
t.15: 975.4704295559335
t.16: 969.9815628109184
t.17: 969.8753397726571
t.18: 972.8258554594754
t.19: 967.5113147607805
t.20: 968.9303051157457
t.21: 965.6308741722761
t.22: 962.1619522865209
t.23: 964.5742208982269
t.24: 956.0097364016465
t.25: 955.7742125757973
t.26: 956.2032748644958
t.27: 967.0783531951747
t.28: 947.6466280186376
t.29: 943.38008538498
t.30: 957.1858717035246
t.d: 1000.0000000000002
e.1: 10.0
e.6: 20.0
e.12: 65.0
e.29: 7.000000000000002
