objective Value is: 51.68017512022833
x.1.d: 1.0
x.2.1: 1.0
x.d.2: 1.0
y.2: 1.0
z.2.22: 1.0
z.2.20: 1.0
z.2.26: 1.0
z.2.29: 1.0
z.2.9: 1.0
z.2.6: 1.0
z.2.13: 1.0
z.2.7: 1.0
z.2.10: 1.0
z.2.25: 1.0
z.2.28: 1.0
z.2.3: 1.0
z.2.12: 1.0
z.2.21: 1.0
z.2.27: 1.0
z.2.14: 1.0
z.2.30: 1.0
z.2.16: 1.0
z.2.11: 1.0
z.2.23: 1.0
t.o: 955.9275257446227
t.1: 26.031822759355236
t.2: 14.913259700138838
t.13: 975.2755812196265
t.14: 965.772531278786
t.15: 969.86597372908
t.21: 959.8130853460575
t.22: 956.7484753525097
t.23: 959.1136746325399
t.24: 950.7104488984469
t.25: 950.062830972088
t.26: 950.4883670123311
t.27: 958.9540587817042
t.28: 947.6466280186373
t.29: 943.3800853849798
t.30: 957.1858717035244
t.d: 1000.0000000000002
e.1: 10.0
e.2: 20.0
e.21: 21.000000000000004
e.22: 21.000000000000004
e.23: 21.000000000000004
e.24: 21.000000000000004
e.25: 21.000000000000004
e.26: 1.0000000000000002
e.27: 1.0000000000000002
e.28: 21.000000000000004
e.29: 1.0000000000000002
