objective Value is: 69.52419107253671
x.1.3: 1.0
x.2.1: 1.0
x.3.d: 1.0
x.5.2: 1.0
x.d.5: 1.0
y.5: 1.0
z.5.20: 1.0
z.5.11: 1.0
z.5.12: 1.0
z.5.26: 1.0
z.5.24: 1.0
z.5.6: 1.0
z.5.18: 1.0
z.5.13: 1.0
z.5.30: 1.0
z.5.22: 1.0
z.5.14: 1.0
z.5.15: 1.0
z.5.16: 1.0
z.5.19: 1.0
z.5.17: 1.0
z.5.28: 1.0
z.5.7: 1.0
t.1: 32.1416455686242
t.2: 22.68771297807268
t.3: 45.31620009532344
t.4: 943.8156962794093
t.5: 7.256999506045306
t.6: 955.1018029906752
t.10: 964.4862204687139
t.30: 957.5870132233488
t.d: 1000.0000000000002
e.1: 10.0
e.5: 17.0
e.16: 1.0000000000000002
e.17: 21.000000000000004
e.18: 1.0000000000000002
e.19: 1.0000000000000002
e.20: 21.000000000000004
e.21: 21.000000000000004
e.22: 21.000000000000004
e.23: 21.000000000000004
e.24: 21.000000000000004
e.25: 21.000000000000004
e.26: 1.0000000000000002
e.27: 1.0000000000000002
e.28: 21.000000000000004
e.29: 1.0000000000000002
