objective Value is: 76.71065026840915
x.1.5: 1.0
x.2.1: 1.0
x.5.10: 1.0
x.10.d: 1.0
x.d.2: 1.0
y.2: 1.0
y.5: 1.0
y.10: 1.0
z.5.6: 1.0
z.10.22: 1.0
z.10.23: 1.0
z.5.8: 1.0
z.10.27: 1.0
z.10.19: 1.0
z.2.3: 1.0
z.10.11: 1.0
z.10.24: 1.0
z.5.9: 1.0
z.10.14: 1.0
z.10.25: 1.0
z.5.7: 1.0
z.10.18: 1.0
z.10.16: 1.0
z.10.29: 1.0
z.2.4: 1.0
t.1: 30.232604941154932
t.2: 23.501930535486395
t.5: 38.74507943660956
t.10: 79.07929705557171
t.d: 1000.0
e.2: 20.0
e.5: 50.0
e.10: 88.0
