objective Value is: 59.632313252595324
x.1.3: 1.0
x.3.d: 1.0
x.6.12: 1.0
x.12.1: 1.0
x.d.6: 1.0
y.6: 1.0
y.12: 1.0
z.12.22: 1.0
z.12.20: 1.0
z.12.26: 1.0
z.12.29: 1.0
z.6.9: 1.0
z.12.13: 1.0
z.6.7: 1.0
z.6.10: 1.0
z.6.25: 1.0
z.12.28: 1.0
z.12.21: 1.0
z.12.27: 1.0
z.12.14: 1.0
z.12.30: 1.0
z.12.16: 1.0
z.6.11: 1.0
z.12.23: 1.0
t.o: 937.8905732218118
t.1: 104.20918426921321
t.3: 121.10856392156222
t.5: 955.6017287428566
t.6: 48.784231596627706
t.12: 81.3806951825984
t.24: 951.2181936429363
t.26: 952.3468757550509
t.27: 959.9831284681277
t.28: 947.6466280186373
t.29: 943.3800853849798
t.30: 957.1858717035249
t.d: 1000.0000000000002
e.1: 10.0
e.6: 40.000000000000625
e.12: 96.0
e.29: 12.000000000000004
