objective Value is: 81.94431182174704
x.1.2: 1.0
x.2.3: 1.0
x.3.d: 1.0
x.5.10: 1.0
x.10.1: 1.0
x.d.5: 1.0
y.5: 1.0
y.10: 1.0
z.10.20: 1.0
z.10.11: 0.999999999999997
z.10.12: 0.999999999999997
z.10.26: 0.999999999999997
z.10.24: 0.999999999999997
z.5.6: 1.0
z.10.18: 0.999999999999997
z.10.13: 0.9999999999999999
z.10.30: 1.0
z.10.22: 0.999999999999997
z.10.14: 0.9999999999999999
z.10.15: 0.999999999999997
z.10.16: 0.999999999999997
z.10.19: 0.999999999999997
z.10.17: 0.9999999999999999
z.10.28: 0.999999999999997
z.5.7: 1.0
t.o: 954.398589198099
t.1: 40.63573209478761
t.2: 50.08966468533913
t.3: 57.736320844531974
t.5: 7.256999506045306
t.7: 959.568462619686
t.10: 22.990822346657524
t.25: 943.8156962794092
t.30: 964.9516902956908
t.d: 1000.0000000000002
e.1: 10.0
e.5: 10.000000000000002
e.10: 74.99999999999986
e.28: 105.00000000000003
e.29: 7.000000000000002
