objective Value is: 66.40677300909766
x.1.3: 1.0
x.2.1: 1.0
x.3.9: 1.0
x.4.2: 1.0
x.6.4: 1.0
x.9.d: 1.0
x.d.6: 1.0
y.6: 1.0
y.9: 1.0
z.6.12: 1.0
z.6.18: 1.0
z.6.13: 1.0
z.6.16: 1.0
z.6.22: 1.0
z.6.29: 1.0
z.6.28: 1.0
z.6.20: 1.0
z.6.27: 1.0
z.9.21: 1.0
z.6.8: 1.0
z.9.14: 1.0
z.6.7: 1.0
z.9.30: 1.0
z.6.10: 1.0
z.9.25: 1.0
t.1: 35.715418844059855
t.2: 32.75019791108548
t.3: 43.75417058259097
t.4: 26.243816549668285
t.6: 16.67094044859937
t.9: 51.85345767625449
t.30: 944.6795874026758
t.d: 1000.0000000000002
e.1: 10.0
e.6: 60.0
e.9: 20.0
e.29: 7.000000000000002
