objective Value is: 66.92725239920541
x.1.3: 1.0
x.2.1: 1.0
x.3.10: 1.0
x.4.2: 1.0
x.6.4: 1.0
x.10.11: 1.0
x.11.d: 1.0
x.d.6: 1.0
y.6: 1.0
y.10: 1.0
y.11: 1.0
z.10.12: 1.0
z.10.18: 1.0
z.11.13: 1.0
z.6.16: 1.0
z.10.22: 1.0
z.10.29: 1.0
z.10.28: 0.5000000000000002
z.11.28: 0.4999999999999998
z.10.20: 1.0
z.6.27: 1.0
z.10.21: 1.0
z.6.8: 0.9999999999999999
z.10.14: 1.0
z.6.7: 1.0
z.10.30: 1.0
z.10.25: 1.0
t.1: 35.715418844059855
t.2: 32.75019791108548
t.3: 43.75417058259097
t.4: 26.24381654966828
t.6: 16.67094044859937
t.10: 52.75453559224991
t.11: 57.53439412659782
t.14: 958.8812786267966
t.15: 951.983116349078
t.16: 954.4711994664758
t.17: 956.6184529360564
t.18: 956.6839817797648
t.22: 945.3165857813226
t.23: 942.8552477609771
t.24: 938.1317619733088
t.25: 954.7143758551751
t.26: 962.4737770774896
t.27: 967.0026391281021
t.28: 970.9529345491242
t.29: 965.3428460037926
t.30: 959.1579107141532
t.d: 1000.0000000000002
e.1: 10.0
e.6: 32.0
e.10: 76.0
e.11: 11.999999999999998
e.29: 12.000000000000004
