objective Value is: 66.27323382827993
x.1.2: 1.0
x.2.4: 1.0
x.3.1: 1.0
x.4.d: 1.0
x.5.3: 1.0
x.d.5: 1.0
y.5: 1.0
z.5.25: 1.0
z.5.39: 1.0
z.5.27: 1.0
z.5.14: 1.0
z.5.38: 1.0
z.5.22: 1.0
z.5.7: 1.0
z.5.16: 1.0
z.5.32: 1.0
z.5.12: 1.0
z.5.13: 1.0
z.5.29: 1.0
z.5.23: 1.0
z.5.20: 1.0
z.5.35: 1.0
z.5.31: 1.0
z.5.24: 1.0
z.5.40: 1.0
z.5.21: 1.0
z.5.18: 1.0
z.5.30: 1.0
z.5.11: 1.0
z.5.6: 1.0
t.o: 949.4779444513294
t.1: 35.12642825796025
t.2: 38.96912990860414
t.3: 30.839055414035336
t.4: 48.845316523113176
t.5: 15.871382470335112
t.7: 961.7143378039618
t.13: 960.1573887754631
t.d: 1000.0000000000002
e.1: 20.0
e.5: 46.00000000000006
e.26: 3.000000000000001
e.27: 3.000000000000001
e.28: 56.000000000000014
e.29: 3.000000000000001
e.30: 3.000000000000001
e.31: 3.000000000000001
e.32: 3.000000000000001
e.33: 56.000000000000014
e.34: 3.000000000000001
e.35: 3.000000000000001
e.36: 56.000000000000014
e.37: 3.000000000000001
e.38: 56.000000000000014
e.39: 3.000000000000001
