objective Value is: 59.523037183689986
x.3.4: 1.0
x.4.5: 1.0
x.5.12: 1.0
x.6.3: 1.0
x.12.d: 1.0
x.d.6: 1.0
y.6: 1.0
y.12: 1.0
z.12.16: 1.0
z.12.27: 1.0
z.12.35: 1.0
z.12.18: 1.0
z.12.19: 1.0
z.12.39: 1.0
z.12.31: 1.0
z.12.28: 1.0
z.6.11: 1.0
z.12.24: 1.0
z.12.38: 1.0
z.12.37: 1.0
z.12.29: 1.0
z.12.20: 1.0
z.12.33: 1.0
z.12.14: 1.0
z.12.32: 1.0
z.12.25: 1.0
z.12.17: 1.0
z.6.10: 1.0
z.6.8: 1.0
z.12.23: 1.0
z.12.40: 1.0
t.3: 36.269354982851496
t.4: 41.300689379510686
t.5: 43.22427901167987
t.6: 23.21189078113207
t.12: 56.830877861654926
t.d: 1000.0
e.6: 120.0
e.12: 240.0
