objective Value is: 64.66560544480926
x.3.6: 1.0
x.4.3: 1.0
x.5.4: 1.0
x.6.17: 1.0
x.7.5: 1.0
x.17.d: 1.0
x.d.7: 1.0
y.7: 1.0
y.17: 1.0
z.7.16: 1.0
z.17.27: 1.0
z.17.35: 1.0
z.17.18: 1.0
z.17.19: 1.0
z.17.39: 1.0
z.17.31: 1.0
z.17.28: 1.0
z.7.11: 1.0
z.17.24: 1.0
z.17.38: 1.0
z.17.37: 1.0
z.17.29: 1.0
z.17.20: 1.0
z.17.33: 1.0
z.7.12: 1.0
z.7.14: 1.0
z.17.32: 1.0
z.17.25: 1.0
z.7.10: 1.0
z.7.8: 1.0
z.17.23: 1.0
z.17.40: 1.0
t.3: 58.93766858553556
t.4: 24.337760374462277
t.5: 22.414170742293095
t.6: 69.10154522984067
t.7: 15.075268359819233
t.17: 78.48175979922439
t.d: 1000.0
e.7: 140.0
e.17: 340.0
