objective Value is: 63.58201369244976
x.1.2: 1.0
x.2.3: 1.0
x.3.12: 1.0
x.5.1: 1.0
x.12.d: 1.0
x.d.5: 1.0
y.5: 1.0
y.12: 1.0
z.5.9: 1.0
z.12.37: 1.0
z.12.29: 1.0
z.5.7: 1.0
z.12.16: 1.0
z.12.20: 1.0
z.5.11: 1.0
z.12.18: 1.0
z.12.27: 1.0
z.12.24: 1.0
z.12.25: 1.0
z.12.28: 1.0
z.5.10: 1.0
z.12.15: 1.0
z.12.40: 1.0
z.12.26: 1.0
z.12.19: 1.0
z.12.33: 1.0
z.12.14: 1.0
z.12.36: 1.0
z.12.23: 1.0
z.12.38: 1.0
z.12.35: 1.0
z.5.8: 1.0
t.1: 36.20625107350668
t.2: 37.644472754351796
t.3: 46.28205228095453
t.4: 964.8548434589749
t.5: 21.60216552624763
t.12: 64.9151960582401
t.21: 949.4241514371165
t.22: 944.489719631393
t.23: 946.5811071400661
t.28: 7.948921908529542
t.29: 7.131062385209134
t.38: 963.4023896277835
t.d: 1000.0000000000002
e.1: 20.0
e.5: 50.0
e.12: 190.0
e.38: 280.00000000000006
e.39: 15.000000000000004
