objective Value is: 76.40825107782904
x.1.2: 1.0
x.2.4: 1.0
x.3.1: 1.0
x.4.d: 1.0
x.5.3: 1.0
x.12.5: 1.0
x.d.12: 1.0
y.5: 1.0
y.12: 1.0
z.12.25: 1.0
z.12.39: 1.0
z.12.27: 1.0
z.12.14: 1.0
z.12.38: 1.0
z.12.22: 1.0
z.5.7: 1.0
z.12.16: 1.0
z.12.32: 1.0
z.12.13: 1.0
z.12.29: 1.0
z.12.23: 1.0
z.12.20: 1.0
z.12.35: 1.0
z.12.31: 1.0
z.12.24: 1.0
z.12.40: 1.0
z.12.21: 1.0
z.12.18: 1.0
z.12.30: 1.0
z.5.11: 1.0
z.5.6: 1.0
t.1: 45.26144550750894
t.2: 49.10414715815284
t.3: 40.974072663584025
t.4: 58.98033377266188
t.5: 26.006399719883802
t.12: 16.42426221228834
t.d: 1000.0
e.5: 100.0
e.12: 240.0
