objective Value is: 77.8339870976728
x.1.2: 1.0
x.2.3: 1.0
x.3.15: 1.0
x.5.1: 1.0
x.12.5: 1.0
x.14.d: 1.0
x.15.14: 1.0
x.d.12: 1.0
y.5: 1.0
y.12: 1.0
y.14: 1.0
y.15: 1.0
z.5.9: 1.0
z.12.37: 1.0
z.12.29: 1.0
z.5.7: 1.0
z.12.16: 0.5
z.14.16: 0.5
z.12.20: 1.0
z.5.11: 1.0
z.12.18: 1.0
z.12.27: 1.0
z.12.24: 1.0
z.12.25: 1.0
z.12.28: 1.0
z.5.10: 1.0
z.12.40: 1.0
z.12.26: 1.0
z.12.19: 1.0
z.12.33: 0.5
z.15.33: 0.5
z.15.36: 1.0
z.12.23: 1.0
z.12.38: 1.0
z.12.35: 1.0
z.5.8: 1.0
t.1: 30.944429705107382
t.2: 32.3826513859525
t.3: 47.1922178595986
t.5: 16.340344157848335
t.12: 4.404719920608045
t.14: 74.28006701319009
t.15: 70.28165187366142
t.d: 1000.0
e.5: 100.0
e.12: 240.0
e.14: 8.0
e.15: 24.0
