objective Value is: 59.522109673759196
x.3.4: 1.0
x.4.5: 1.0
x.5.d: 1.0
x.6.3: 1.0
x.d.6: 1.0
y.6: 1.0
z.6.16: 1.0
z.6.27: 1.0
z.6.35: 1.0
z.6.18: 1.0
z.6.19: 1.0
z.6.39: 1.0
z.6.31: 1.0
z.6.28: 1.0
z.6.11: 1.0
z.6.24: 1.0
z.6.38: 1.0
z.6.37: 1.0
z.6.29: 1.0
z.6.20: 1.0
z.6.33: 1.0
z.6.12: 1.0
z.6.14: 1.0
z.6.32: 1.0
z.6.25: 1.0
z.6.17: 1.0
z.6.10: 1.0
z.6.8: 1.0
z.6.23: 1.0
z.6.40: 1.0
t.o: 973.1777217460155
t.3: 30.15820572534119
t.4: 35.18954012199765
t.5: 37.1131297541657
t.6: 19.994329081038362
t.8: 942.0882405301546
t.9: 979.6678562938868
t.11: 962.4586431303838
t.13: 975.9656808716176
t.14: 64.91581678276634
t.15: 959.2039336732837
t.16: 960.057703992473
t.17: 961.1138234817131
t.18: 963.7049475282162
t.19: 958.57708044588
t.20: 951.471169747209
t.21: 951.4226325966622
t.22: 956.1324803477829
t.23: 961.9494407437292
t.24: 961.7057433247912
t.25: 961.5232844762029
t.26: 959.6427420187624
t.27: 948.8134426864534
t.28: 948.101595801946
t.29: 944.8172414637108
t.30: 938.982104377488
t.31: 946.5305190590086
t.32: 942.4663157401194
t.33: 962.9517037024959
t.34: 967.2091771481813
t.35: 956.6579131587616
t.36: 956.4306386564367
t.37: 959.1066984773804
t.38: 961.9412338240845
t.39: 966.2737730784933
t.40: 970.101102560864
t.d: 1000.0000000000002
e.1: 20.0
e.6: 48.0
e.28: 56.000000000000014
e.29: 3.000000000000001
e.30: 3.000000000000001
e.31: 3.000000000000001
e.32: 3.000000000000001
e.33: 56.000000000000014
e.34: 3.000000000000001
e.35: 3.000000000000001
e.36: 56.000000000000014
e.37: 3.000000000000001
e.38: 56.000000000000014
e.39: 3.000000000000001
