objective Value is: 70.92734130229655
x.1.3: 1.0
x.3.d: 1.0
x.5.1: 1.0
x.d.5: 1.0
y.5: 1.0
z.5.21: 1.0
z.5.13: 1.0
z.5.29: 1.0
z.5.16: 1.0
z.5.25: 1.0
z.5.6: 1.0
z.5.32: 1.0
z.5.33: 1.0
z.5.15: 1.0
z.5.19: 1.0
z.5.7: 1.0
z.5.36: 1.0
z.5.8: 1.0
z.5.24: 1.0
z.5.11: 1.0
z.5.23: 1.0
z.5.9: 1.0
z.5.30: 1.0
z.5.27: 1.0
z.5.22: 1.0
z.5.14: 1.0
z.5.31: 1.0
z.5.10: 1.0
z.5.39: 1.0
z.5.17: 1.0
z.5.37: 1.0
t.1: 36.059227075169815
t.2: 959.4091629659728
t.3: 45.012256828612294
t.4: 954.5969774002581
t.5: 17.941567484140823
t.6: 957.3301753573994
t.d: 1000.0000000000002
e.1: 20.0
e.5: 52.0
e.26: 3.000000000000001
e.27: 3.000000000000001
e.28: 56.000000000000014
e.29: 3.000000000000001
e.30: 3.000000000000001
e.31: 3.000000000000001
e.32: 3.000000000000001
e.33: 56.000000000000014
e.34: 3.000000000000001
e.35: 3.000000000000001
e.36: 56.000000000000014
e.37: 3.000000000000001
e.38: 56.000000000000014
