objective Value is: 63.363732726522365
x.1.2: 1.0
x.2.3: 1.0
x.3.d: 1.0
x.5.1: 1.0
x.d.5: 1.0
y.5: 1.0
z.5.9: 1.0
z.5.37: 1.0
z.5.29: 1.0
z.5.7: 1.0
z.5.16: 1.0
z.5.20: 1.0
z.5.11: 1.0
z.5.18: 1.0
z.5.27: 1.0
z.5.24: 1.0
z.5.25: 1.0
z.5.28: 1.0
z.5.10: 1.0
z.5.15: 1.0
z.5.40: 1.0
z.5.26: 1.0
z.5.19: 1.0
z.5.33: 1.0
z.5.14: 1.0
z.5.36: 1.0
z.5.23: 1.0
z.5.38: 1.0
z.5.35: 1.0
z.5.8: 1.0
t.o: 958.6422507980506
t.1: 30.468348787108425
t.2: 31.906570467953543
t.3: 40.54414999455605
t.5: 15.864263239849379
t.6: 960.5047114583027
t.9: 963.2220517377305
t.12: 962.6161934958042
t.18: 2.9065380675532424
t.20: 4.075341146056303
t.21: 7.478039774139006
t.22: 12.841225686641224
t.23: 10.981879426228943
t.24: 7.311853716478254
t.25: 8.425447889597876
t.26: 8.367155977842572
t.27: 3.1773266604261607
t.28: 18.004258198099365
t.29: 17.220946510375825
t.30: 9.326877850951291
t.31: 9.236971883735691
t.38: 968.0273831203797
t.40: 957.3309453180342
t.d: 1000.0000000000002
e.1: 20.0
e.5: 48.0
e.26: 3.000000000000001
e.27: 3.000000000000001
e.28: 56.000000000000014
e.29: 3.000000000000001
e.30: 3.000000000000001
e.31: 3.000000000000001
e.32: 3.000000000000001
e.33: 56.000000000000014
e.34: 3.000000000000001
e.35: 3.000000000000001
e.36: 56.000000000000014
e.37: 3.000000000000001
e.38: 56.000000000000014
e.39: 3.000000000000001
