objective Value is: 81.67404746605925
x.1.10: 1.0
x.3.1: 1.0
x.6.3: 1.0
x.10.21: 1.0
x.21.d: 1.0
x.d.6: 1.0
y.6: 1.0
y.10: 1.0
y.21: 1.0
z.10.13: 1.0
z.21.29: 1.0
z.10.16: 1.0
z.21.25: 1.0
z.21.32: 1.0
z.21.33: 1.0
z.10.15: 1.0
z.10.19: 1.0
z.6.7: 1.0
z.21.36: 1.0
z.6.8: 1.0
z.21.24: 1.0
z.10.11: 1.0
z.21.23: 1.0
z.6.9: 1.0
z.21.30: 1.0
z.21.27: 1.0
z.21.22: 1.0
z.10.14: 1.0
z.21.31: 1.0
z.21.39: 1.0
z.10.17: 1.0
z.21.37: 1.0
t.1: 43.33236567074107
t.3: 34.37933591729859
t.6: 22.685854121645434
t.10: 57.07602547345391
t.21: 107.73295256021879
t.d: 1000.0
e.6: 120.0
e.10: 200.0
e.21: 208.0
