objective Value is: 74.0214456905528
x.1.d: 1.0
x.3.1: 1.0
x.5.3: 1.0
x.7.17: 1.0
x.17.5: 1.0
x.d.7: 1.0
y.3: 1.0
y.5: 1.0
y.7: 1.0
y.17: 1.0
z.17.33: 1.0
z.17.39: 1.0
z.7.18: 1.0
z.17.31: 1.0
z.5.9: 1.0
z.17.23: 1.0
z.17.36: 1.0
z.5.6: 1.0
z.17.25: 1.0
z.17.32: 1.0
z.7.15: 1.0
z.17.30: 1.0
z.3.4: 1.0
z.17.37: 1.0
z.17.24: 1.0
z.5.10: 1.0
z.5.14: 1.0
z.17.22: 1.0
z.5.11: 1.0
z.7.13: 1.0
z.17.21: 1.0
z.17.28: 1.0
z.17.40: 1.0
z.7.12: 1.0
z.7.27: 0.75
z.17.27: 0.25
t.o: 13.943412606233892
t.1: 942.0894625995185
t.2: 6.601187796957561
t.3: 39.87639431724381
t.5: 26.608520015751537
t.7: 3.905152856397309
t.13: 963.3038878894056
t.17: 15.764455045385034
t.23: 2.0245346731443306
t.25: 2.9249218819766156
t.26: 6.75255822832753
t.33: 1.8335198246161326
t.34: 10.391196053060185
t.35: 15.673755549003658
t.36: 15.958639012426602
t.37: 8.920048210663367
t.38: 7.867736626038777
t.39: 7.6951111599760225
t.40: 9.571460149525592
t.d: 1000.0000000000002
e.1: 20.0
e.3: 16.0
e.5: 80.0
e.7: 76.0
e.17: 228.0
e.39: 24.000000000000007
