objective Value is: 54.77911601872849
x.1.6: 1.0
x.2.1: 1.0
x.6.d: 1.0
x.d.2: 1.0
y.2: 1.0
y.6: 1.0
z.6.33: 1.0
z.6.39: 1.0
z.6.18: 1.0
z.6.31: 1.0
z.6.9: 1.0
z.6.23: 1.0
z.6.36: 1.0
z.6.25: 1.0
z.6.32: 1.0
z.6.15: 1.0
z.6.30: 1.0
z.2.4: 1.0
z.6.37: 1.0
z.6.24: 1.0
z.6.10: 1.0
z.6.14: 1.0
z.6.22: 1.0
z.2.3: 1.0
z.6.11: 1.0
z.6.13: 1.0
z.6.21: 1.0
z.6.28: 1.0
z.6.40: 1.0
z.6.12: 1.0
z.2.5: 1.0
z.6.27: 1.0
t.1: 25.12634841570389
t.2: 18.227308627591132
t.6: 56.62055116205397
t.22: 947.618261582822
t.d: 1000.0000000000002
e.1: 20.0
e.2: 5.999999999999984
e.6: 46.00000000000001
e.27: 3.000000000000001
e.28: 56.000000000000014
e.29: 3.000000000000001
e.30: 3.000000000000001
e.31: 3.000000000000001
e.32: 3.000000000000001
e.33: 56.000000000000014
e.34: 3.000000000000001
e.35: 3.000000000000001
e.36: 56.000000000000014
e.37: 3.000000000000001
e.38: 56.000000000000014
e.39: 3.000000000000001
