objective Value is: 79.72652323084338
x.1.2: 1.0
x.2.4: 1.0
x.3.1: 1.0
x.4.d: 1.0
x.5.3: 1.0
x.12.5: 1.0
x.13.12: 1.0
x.16.13: 1.0
x.d.16: 1.0
y.5: 1.0
y.12: 1.0
y.13: 1.0
y.16: 1.0
z.12.25: 1.0
z.12.39: 1.0
z.12.27: 1.0
z.12.14: 1.0
z.12.38: 1.0
z.12.22: 1.0
z.5.7: 1.0
z.12.32: 1.0
z.12.29: 1.0
z.12.23: 1.0
z.12.20: 1.0
z.12.35: 1.0
z.12.31: 1.0
z.12.24: 1.0
z.13.40: 1.0
z.12.21: 1.0
z.13.18: 0.5
z.16.18: 0.5
z.16.30: 1.0
z.5.11: 1.0
z.5.6: 1.0
t.1: 48.579717660523215
t.2: 52.42241931116712
t.3: 44.2923448165983
t.4: 62.298605925676156
t.5: 29.32467187289808
t.12: 19.742534365302618
t.13: 17.359220548407052
t.16: 7.785391018828022
t.d: 1000.0
e.5: 100.0
e.12: 240.0
e.13: 24.0
e.16: 24.0
