objective Value is: 79.68386410535273
x.1.3: 1.0
x.3.21: 1.0
x.6.1: 1.0
x.21.d: 1.0
x.d.6: 1.0
y.6: 1.0
y.21: 1.0
z.6.13: 1.0
z.21.29: 1.0
z.6.16: 1.0
z.21.25: 1.0
z.21.32: 1.0
z.21.33: 1.0
z.6.15: 1.0
z.6.19: 1.0
z.6.7: 1.0
z.21.36: 1.0
z.6.8: 1.0
z.21.24: 1.0
z.6.11: 1.0
z.21.23: 1.0
z.6.9: 1.0
z.21.30: 1.0
z.21.27: 1.0
z.21.22: 1.0
z.6.14: 1.0
z.21.31: 1.0
z.6.10: 1.0
z.21.39: 1.0
z.6.17: 1.0
z.21.37: 1.0
t.1: 77.15015591785846
t.3: 86.10318567130093
t.6: 26.66769197710323
t.21: 107.73295256021879
t.d: 1000.0
e.6: 120.0
e.21: 130.0
