objective Value is: 72.05843642874777
x.1.5: 1.0
x.2.1: 1.0
x.5.17: 1.0
x.17.d: 1.0
x.d.2: 1.0
y.2: 1.0
y.5: 1.0
y.17: 1.0
z.17.33: 1.0
z.17.39: 1.0
z.17.18: 1.0
z.17.31: 1.0
z.5.9: 1.0
z.5.23: 1.0
z.17.36: 1.0
z.5.6: 1.0
z.17.25: 1.0
z.17.32: 1.0
z.5.15: 1.0
z.17.30: 1.0
z.2.4: 1.0
z.17.37: 1.0
z.17.24: 1.0
z.2.10: 1.0
z.5.14: 1.0
z.5.22: 1.0
z.2.3: 1.0
z.5.11: 1.0
z.5.13: 1.0
z.17.21: 1.0
z.17.28: 1.0
z.17.40: 1.0
z.5.12: 1.0
z.17.27: 1.0
t.1: 25.126348415703887
t.2: 18.227308627591132
t.3: 952.9912868404616
t.5: 46.4921904029037
t.17: 57.336255373270205
t.d: 1000.0000000000002
e.1: 20.0
e.2: 30.0
e.5: 90.0
e.17: 140.0
e.39: 15.000000000000004
