objective Value is: 69.33790119099162
x.2.3: 1.0
x.3.d: 1.0
x.5.2: 1.0
x.6.5: 1.0
x.12.6: 1.0
x.18.12: 1.0
x.d.18: 1.0
y.6: 1.0
y.12: 1.0
z.12.16: 1.0
z.6.7: 1.0
z.12.49: 1.0
z.12.22: 1.0
z.12.46: 1.0
z.12.20: 1.0
z.6.8: 1.0
z.12.47: 1.0
z.12.45: 1.0
z.6.11: 1.0
z.12.37: 1.0
z.6.10: 1.0
z.12.32: 1.0
z.6.9: 1.0
z.12.42: 1.0
z.12.33: 1.0
z.12.24: 1.0
z.12.28: 1.0
z.12.40: 1.0
z.12.35: 1.0
z.12.30: 1.0
z.12.23: 1.0
z.12.14: 1.0
z.12.13: 1.0
z.12.38: 1.0
z.12.48: 1.0
z.12.25: 1.0
z.12.21: 1.0
z.12.34: 1.0
t.2: 36.976818572426055
t.3: 37.453996226296795
t.5: 29.18307733702386
t.6: 24.516929199961396
t.12: 16.83119399402392
t.18: 10.166383185880932
t.d: 1000.0
e.6: 120.0
e.12: 240.0
