objective Value is: 69.27959457813715
x.2.3: 1.0
x.3.d: 1.0
x.5.2: 1.0
x.6.5: 1.0
x.d.6: 1.0
y.6: 1.0
z.6.16: 1.0
z.6.7: 1.0
z.6.49: 1.0
z.6.22: 1.0
z.6.46: 1.0
z.6.20: 1.0
z.6.8: 1.0
z.6.47: 1.0
z.6.12: 1.0
z.6.45: 1.0
z.6.11: 1.0
z.6.37: 1.0
z.6.10: 1.0
z.6.32: 1.0
z.6.9: 1.0
z.6.18: 1.0
z.6.42: 1.0
z.6.33: 1.0
z.6.24: 1.0
z.6.28: 1.0
z.6.40: 1.0
z.6.35: 1.0
z.6.30: 1.0
z.6.23: 1.0
z.6.14: 1.0
z.6.13: 1.0
z.6.38: 1.0
z.6.48: 1.0
z.6.25: 1.0
z.6.21: 1.0
z.6.34: 1.0
t.2: 36.918511959571674
t.3: 37.395689613442414
t.5: 29.12477072416948
t.6: 24.458622587107016
t.d: 1000.0
e.6: 62.0
