objective Value is: 43.730712907062
x.2.d: 1.0
x.4.5: 1.0
x.5.17: 1.0
x.17.2: 1.0
x.d.4: 1.0
y.5: 1.0
y.17: 1.0
z.17.20: 1.0
z.17.40: 1.0
z.5.15: 1.0
z.17.31: 1.0
z.17.32: 1.0
z.5.11: 1.0
z.5.14: 1.0
z.17.25: 1.0
z.5.8: 1.0
z.17.49: 1.0
z.5.9: 1.0
z.17.29: 1.0
z.5.13: 1.0
z.17.47: 1.0
z.17.30: 1.0
z.17.46: 1.0
z.17.39: 1.0
z.17.35: 1.0
z.5.7: 1.0
z.17.28: 1.0
z.17.19: 1.0
z.17.36: 1.0
z.17.38: 1.0
z.17.50: 1.0
z.17.44: 1.0
z.17.27: 1.0
z.5.12: 1.0
z.17.48: 1.0
z.17.22: 1.0
z.17.41: 1.0
z.17.33: 1.0
z.5.6: 1.0
t.o: 945.9289367409782
t.1: 952.8598151967803
t.2: 31.640444357378442
t.3: 973.3358901410975
t.4: 4.1898624949710666
t.5: 6.302053554239251
t.6: 968.6851302108219
t.7: 972.1305496563205
t.8: 945.4801535844566
t.9: 938.9980985135176
t.10: 969.6935257886577
t.11: 973.1986075606401
t.12: 976.8966103106422
t.13: 976.8642058007423
t.14: 978.9585817966014
t.15: 978.983821899078
t.16: 968.4089431125262
t.17: 19.13898755710295
t.18: 968.9707741451364
t.20: 972.9819485589176
t.22: 974.7929429252036
t.24: 975.0395477819959
t.25: 962.9885724041525
t.26: 960.1205158405897
t.27: 951.8863843957902
t.28: 948.6929639537907
t.29: 947.9668415757615
t.30: 957.2470053232255
t.31: 956.4904509447407
t.32: 952.9324650896019
t.33: 956.9500964455597
t.34: 963.2656999174062
t.35: 965.4376198965523
t.36: 966.8541356400447
t.37: 965.1391466730829
t.38: 956.7976929899298
t.39: 963.2993215835652
t.40: 962.0936697882241
t.41: 957.7159033006858
t.42: 955.3207935245284
t.43: 951.7973716712697
t.44: 936.6592507492765
t.45: 946.7698944287795
t.46: 948.6526071421085
t.47: 950.6077040094824
t.48: 957.1775351250078
t.49: 951.1219878839127
t.50: 948.4725548538931
t.d: 1000.0000000000002
e.1: 20.0
e.5: 90.0
e.17: 230.0
e.49: 15.000000000000004
