objective Value is: 66.68828922512955
x.1.d: 1.0
x.2.1: 1.0
x.3.2: 1.0
x.6.3: 1.0
x.7.6: 1.0
x.8.7: 1.0
x.d.8: 1.0
y.8: 1.0
z.8.11: 1.0
z.8.39: 1.0
z.8.25: 1.0
z.8.37: 1.0
z.8.40: 1.0
z.8.15: 1.0
z.8.43: 1.0
z.8.24: 1.0
z.8.20: 1.0
z.8.47: 1.0
z.8.18: 1.0
z.8.12: 1.0
z.8.36: 1.0
z.8.45: 1.0
z.8.19: 1.0
z.8.30: 1.0
z.8.34: 1.0
z.8.42: 1.0
z.8.23: 1.0
z.8.17: 1.0
z.8.9: 1.0
z.8.21: 1.0
z.8.49: 1.0
z.8.48: 1.0
z.8.33: 1.0
z.8.13: 1.0
z.8.22: 1.0
z.8.44: 1.0
z.8.41: 1.0
z.8.14: 1.0
t.1: 38.41631273273276
t.2: 35.46354705606802
t.3: 33.77546978372493
t.6: 27.59118851721621
t.7: 25.478146936625762
t.8: 18.30551953852546
t.d: 1000.0
e.8: 60.0
