objective Value is: 27.351089508212215
x.2.5: 1.0
x.5.d: 1.0
x.d.2: 1.0
y.2: 1.0
y.5: 1.0
z.5.20: 1.0
z.5.40: 1.0
z.5.15: 1.0
z.2.31: 1.0
z.5.32: 1.0
z.5.17: 1.0
z.5.11: 1.0
z.5.14: 1.0
z.5.25: 1.0
z.5.8: 1.0
z.2.49: 1.0
z.5.9: 1.0
z.2.29: 1.0
z.5.13: 1.0
z.5.47: 1.0
z.2.30: 1.0
z.5.46: 1.0
z.5.39: 1.0
z.5.35: 1.0
z.5.7: 1.0
z.2.28: 1.0
z.5.19: 1.0
z.5.36: 1.0
z.5.38: 1.0
z.5.50: 1.0
z.5.44: 1.0
z.2.27: 1.0
z.5.12: 1.0
z.5.48: 1.0
z.2.4: 1.0
z.5.22: 1.0
z.5.41: 1.0
z.5.33: 1.0
z.5.6: 1.0
t.o: 945.9289367409781
t.1: 947.966841575761
t.2: 23.860017767065187
t.3: 1023.0654780670187
t.4: 31.13535032842958
t.5: 33.69660024132668
t.6: 41.96706392537044
t.7: 950.5062772221006
t.8: 945.480153584457
t.9: 938.998098513518
t.10: 946.7698944287797
t.11: 951.018858957478
t.12: 45.55847766536874
t.13: 43.54898260762707
t.14: 958.9724102475716
t.15: 963.1940003083721
t.16: 968.4089431125267
t.17: 968.9965860628726
t.18: 967.4680323146736
t.19: 972.1971740897086
t.20: 48.5152036656242
t.21: 49.72958792592124
t.22: 52.24151107977775
t.23: 47.19913966432648
t.24: 964.8923101347543
t.25: 962.988572404153
t.26: 960.1205158405903
t.27: 951.8863843957901
t.28: 950.5979442864897
t.29: 949.7448183477147
t.30: 958.5040342473026
t.31: 953.8297048260799
t.32: 955.8296960686183
t.33: 959.9999289935613
t.34: 963.2656999174062
t.35: 965.4376198965522
t.36: 966.8541356400447
t.37: 965.1391466730829
t.38: 960.8253583854175
t.39: 967.5641237977776
t.40: 966.4505343575288
t.41: 961.8734107057421
t.42: 959.4870429233974
t.43: 956.2567723574812
t.44: 941.5845934019458
t.45: 59.85095887902946
t.46: 58.27799597306125
t.47: 955.6923090138403
t.48: 955.9422958058667
t.49: 956.7104581393946
t.50: 954.2324966293445
t.d: 1000.0000000000002
e.1: 20.0
e.2: 14.0
e.5: 54.0
e.38: 70.00000000000001
e.39: 3.000000000000001
e.40: 3.000000000000001
e.41: 70.00000000000001
e.42: 70.00000000000001
e.43: 70.00000000000001
e.44: 3.000000000000001
e.45: 70.00000000000001
e.46: 3.000000000000001
e.47: 3.000000000000001
e.48: 3.000000000000001
e.49: 3.000000000000001
