objective Value is: 81.77968469514929
x.1.17: 1.0
x.3.1: 1.0
x.5.3: 1.0
x.17.d: 1.0
x.d.5: 1.0
y.3: 1.0
y.5: 1.0
y.17: 1.0
z.17.33: 1.0
z.17.41: 1.0
z.17.45: 1.0
z.17.48: 1.0
z.17.42: 1.0
z.5.9: 1.0
z.17.43: 1.0
z.17.37: 1.0
z.17.44: 1.0
z.5.7: 1.0
z.5.14: 1.0
z.17.40: 1.0
z.5.15: 1.0
z.5.10: 1.0
z.17.20: 1.0
z.17.36: 1.0
z.17.26: 1.0
z.17.32: 1.0
z.17.34: 1.0
z.5.12: 1.0
z.17.39: 1.0
z.17.22: 1.0
z.17.28: 1.0
z.17.35: 1.0
z.17.49: 1.0
z.5.8: 1.0
z.3.4: 1.0
z.17.27: 1.0
z.5.6: 1.0
z.5.16: 1.0
z.17.21: 1.0
t.1: 84.53324283973473
t.3: 26.418900969033757
t.5: 16.501660885766114
t.17: 115.66366423006139
t.d: 1000.0
e.3: 15.0
e.5: 100.0
e.17: 210.0
