objective Value is: 57.642506283311334
x.1.d: 1.0
x.3.1: 1.0
x.5.3: 1.0
x.d.5: 1.0
y.3: 1.0
y.5: 1.0
z.5.33: 1.0
z.5.41: 1.0
z.5.45: 1.0
z.5.48: 1.0
z.5.42: 1.0
z.5.9: 1.0
z.5.43: 1.0
z.5.37: 1.0
z.5.44: 1.0
z.5.7: 1.0
z.5.14: 1.0
z.5.40: 1.0
z.5.15: 1.0
z.5.10: 1.0
z.5.20: 1.0
z.5.36: 1.0
z.5.26: 1.0
z.5.32: 1.0
z.5.34: 1.0
z.5.17: 1.0
z.5.12: 1.0
z.5.39: 1.0
z.5.22: 1.0
z.5.28: 1.0
z.5.35: 1.0
z.5.49: 1.0
z.5.8: 1.0
z.3.4: 1.0
z.5.27: 1.0
z.3.6: 0.5
z.5.6: 0.5
z.5.16: 1.0
z.5.21: 1.0
t.1: 37.507963607468014
t.2: 940.4660926538106
t.3: 26.418900969033757
t.4: 943.9156157684353
t.5: 16.501660885766114
t.6: 948.6092448210788
t.15: 959.3295684345246
t.d: 1000.0000000000002
e.1: 20.0
e.3: 3.0
e.5: 61.0
e.37: 3.000000000000001
e.38: 70.00000000000001
e.39: 3.000000000000001
e.40: 3.000000000000001
e.41: 70.00000000000001
e.42: 70.00000000000001
e.43: 70.00000000000001
e.44: 3.000000000000001
e.45: 70.00000000000001
e.46: 3.000000000000001
e.47: 3.000000000000001
e.48: 3.000000000000001
