objective Value is: 62.07301146049778
x.2.3: 1.0
x.3.d: 1.0
x.4.2: 1.0
x.5.4: 1.0
x.d.5: 1.0
y.5: 1.0
z.5.37: 1.0
z.5.35: 1.0
z.5.21: 1.0
z.5.49: 1.0
z.5.48: 1.0
z.5.27: 1.0
z.5.29: 1.0
z.5.12: 1.0
z.5.42: 1.0
z.5.9: 1.0
z.5.32: 1.0
z.5.47: 1.0
z.5.17: 1.0
z.5.24: 1.0
z.5.6: 1.0
z.5.34: 1.0
z.5.16: 1.0
z.5.13: 1.0
z.5.28: 1.0
z.5.25: 1.0
z.5.44: 1.0
z.5.14: 1.0
z.5.40: 1.0
z.5.38: 1.0
z.5.20: 1.0
z.5.7: 1.0
z.5.43: 1.0
z.5.31: 1.0
z.5.39: 1.0
z.5.33: 1.0
z.5.15: 1.0
t.2: 945.2975694286392
t.3: 948.4875488684313
t.4: 939.1332311830388
t.5: 22.57216442501613
t.11: 962.3034782597842
t.12: 962.1104524260604
t.34: 945.0344996242336
t.d: 1000.0000000000002
e.1: 20.0
e.5: 62.0
e.37: 3.000000000000001
e.38: 70.00000000000001
e.39: 3.000000000000001
e.40: 3.000000000000001
e.41: 70.00000000000001
e.42: 70.00000000000001
e.43: 70.00000000000001
e.44: 3.000000000000001
e.45: 70.00000000000001
e.46: 3.000000000000001
e.47: 3.000000000000001
e.48: 3.000000000000001
